lastlocation:
  world: world
  x: -519.3181364252653
  y: 99.9306363976302
  z: -218.60205315146655
  yaw: -109.53056
  pitch: 43.04996
lastAccountName: PLU_luvGF
timestamps:
  login: 1562090140209
  logout: 1562089987590
  lastteleport: 1562094039528
ipAddress: 25.69.213.177
logoutlocation:
  world: world
  x: -210.30332678207878
  y: 82.02711617211531
  z: 161.9355848812413
  yaw: 46.649952
  pitch: 36.750008
afk: true
