lastAccountName: Rhuhoijin
timestamps:
  login: 1563369957407
  lastteleport: 1563371704219
ipAddress: 25.59.15.106
lastlocation:
  world: world
  x: -723.3000000119209
  y: 5.0
  z: -169.69999998807907
  yaw: 267.26245
  pitch: 15.599888
geolocation: United Kingdom
