lastAccountName: BBada
timestamps:
  login: 1562090265203
  logout: 1562091945122
ipAddress: 25.84.141.251
lastlocation:
  world: world
  x: -208.5
  y: 73.0
  z: 150.5
  yaw: 1.7129872
  pitch: 0.0
geolocation: United Kingdom
logoutlocation:
  world: world
  x: -469.1076403646298
  y: 68.9375
  z: -219.18077156447464
  yaw: 90.23779
  pitch: 17.850168
