spawns: 
  default: 
    world: world
    x: -493.3259375208489
    y: 67.0
    z: -206.76257768023697
    yaw: 271.91876
    pitch: 4.3499737
