world: world
x: -488.7273587220485
y: 133.0
z: -163.35650527954277
yaw: 89.971794
pitch: 69.45033
name: enchant
