world: world
x: -492.40702817068916
y: 137.0
z: -163.46851730027473
yaw: -181.07896
pitch: 2.100006
name: spawn
